461228827233
435727458913
435744236129
521391989345
500084925025
491495383649
435476324961
431198331489
435476718177
500136108641
500186440289
435778708065
435728769633
495858573921
474366305121
431265833825
491496170337
435745547105
435526132833
500101637217
500101899361
474215179361
499984983137
435443164257
500102554721
435711599713
474366305377
500035839073
517164394081
435711207009
500085778017
465826702945
491328398945
474214393697
435677128545
435744237409
500068345697
435610543969
444234032993
512970483553
521543837537
418531731297
435493693281
431130765409
491327351137
435611199841
470070422625
470120819809
500135455841
435425864801
452622642273
474147810401
474181364833
435593768033
435778317409
521325538401
521392647265
500085582945
512970484833
521560419425
499934784609
435644492897
444234427489
439956237409
431466966113
418364025953
491261291617
491328400481
495857003873
435844902241
491327221089
435610086753
431348870497
495857528161
521644109153
444234427745
435611004257
521510350177
435728772449
465557745249
491327549025
435610414689
521610423905
500152364641
435627322977
435610676833
517097811553
521560551009
465826639457
435476721249
426971000417
465625837153
418565484385
500135194721
431265181793
444234035297
418313564257
435611005025
521510350945
474316173409
521510613089
491494994529
491495125601
418463969889
435761410657
435727987297
491495715425
418447848033
435728380513
521325933153
512970879585
474316239457
521628054113
500084994913
474147746657
435476329313
512802648929
521325998945
499918271329
465675711585
435644494945
426971001953
478509561185
499984397665
491595986273
521644438881
465624462945
500135458401
474080704097
431265642081
499984201569
435593246561
431415719777
435710687073
448612366177
465826117473
435594164065
465490770017
470020618337
474315585633
435711998561
474315186530
435526328674
521509560674
465557741922
521425871202
491327807842
491327873378
521526862178
465491091810
478526988642
435527246178
474316169570
465491419490
426970931554
465625637218
474215571810
495690408290
435745415522
448345170274
435544154466
474316300642
521644826978
521376588130
504381399394
448343926114
521375147362
431415715170
500151969122
448344188258
521408963938
499984524642
474080568674
499850372450
499917481314
474214786402
474416112994
444234032482
448344647010
435560408418
435610740066
521510085986
512970483042
448344778082
499918202210
521611142498
448630252898
499918267746
465558594914
465558725986
465558988130
435610085730
482737351010
521375344994
500085254498
435526855010
521510087010
435526986082
478476659042
435627714914
448345041250
448630253922
474316237154
521644829026
461228829794
435475803234
435626798178
431348608098
461413379170
435710684258
500151970914
435844901986
461195537506
499850243170
431197875298
482737482850
431348870242
495857265762
482871962722
431349132386
461413903458
495857527906
525939076194
499850898530
461229747298
435594161250
431349525602
431366302818
470021008482
474450193506
491328466018
439805635682
500069395554
422827093090
500136504418
448613674082
431415717730
500151971682
521341661026
521392779106
478476660578
495891410786
521342512994
500152889186
448630058850
521644502882
435845820258
521745166178
517030965090
435644690274
470021271394
521627987810
448345173858
448412348258
435611332450
431349919586
465558794082
491328663394
435459027554
431264723554
474214396514
435593245282
431348609634
448612364898
495857005154
435777794658
478727467618
465859342946
474449277538
431130767970
461195539042
431197876834
491260572258
435442774626
461229355618
435476329058
439788073570
435644101218
444234035810
461413904994
521543447138
461497791074
431131423330
465625379426
435594162786
431366304354
461431075426
470021010018
448630059618
474450195042
500069397090
448613675618
435745550946
521375348066
435526333794
521425876322
435610416482
431315580258
500035056994
435526858082
521493312866
521510090082
448344782178
521543775586
521510483298
500069201250
500153087330
431198795106
521443439970
448345175394
435745486178
470021600610
491328730466
512735607138
465490305379
521341657443
474214457699
435610083683
478375272803
435543040355
452924236131
521375342947
499917283683
521392316771
474365911395
465558135139
478443037027
465491091811
521375998307
521543770467
435661201763
474315907427
491328135523
500186505571
499851092323
478476919139
465726234979
521611141475
435778904419
435745415523
448345170275
491328397667
521644826979
461381132643
435728769379
465625833827
435727459683
491260241251
478560413027
435509356643
439804323939
474214393955
491394263139
461379823715
482871437411
500068083811
495789893731
431415715939
470070421603
500135192675
435727460451
470087198819
482670372963
499850242147
461229090915
461262645347
491327416419
495857264739
500152232035
461229353059
435476326499
439788071011
431315576931
452790413411
465675315299
435627321443
418464229475
482955847779
461229746275
491395180643
435594160227
431416633443
435711600739
435728377955
461230139491
482872748131
461414688867
474366699619
435745548387
491327351139
491260438883
448344779107
418280270179
426971130211
465625835875
461228829795
469919427683
482871438435
444233509987
461413379171
448612363363
482972101731
495857003619
474080439395
491260308579
499850243171
499934129251
461480750179
461229354083
439804849251
422742420579
444234034275
461413903459
461196192867
461229747299
435644492899
435728378979
448630058083
431466966115
500186442851
435778710627
474450193507
461230140515
431198923875
482872749155
444234820707
448343928675
500151971683
418530881379
418480615267
474315779939
491495649123
499917877091
521409490787
426970541923
418447716195
448344780643
478426328931
426970607459
435728445283
465491357539
491328270179
521544036195
448345239395
448412348259
431316365155
500069396323
435678441315
500136505187
474148663139
491328532323
499918466915
521393303395
491328597859
521510940515
461228831331
499933868643
482871439971
435643576931
461413380707
448612364899
495857005155
435744240227
435777794659
465859342947
435844903523
521744249443
461195539043
469785473635
478425739875
431197876835
461262647907
482737484387
435627061859
435677393507
500101902947
495857267299
500152234595
461229355619
431198138979
491327681123
435627324003
482871964259
482972627555
461196194403
461229748835
435644494435
521543840355
461431075427
495857922659
483006575203
431500522083
474450195043
435477115491
465558663779
422743208547
482872750691
448613675619
500153283171
500103213667
426969822563
474215183715
478510478691
521510483299
521611146595
435728577891
435778909539
521678255459
435560936803
491327224163
435610155363
426970610019
521375342948
521509888356
521610551652
521627328868
521510084964
435459875172
521375998308
470121996644
500069392740
500034528612
448629138788
491260110180
499984262500
444351014244
500185589092
465490371940
521324946788
491495056740
521559827812
521610159460
491327481188
474181363044
521644107108
521325536612
418565088612
435778512228
474315842916
491596375396
469920277860
435728311652
500085843300
448630121828
521342707044
491328398692
517265974628
435460334948
465625834852
521610029412
521392056676
499984591204
521510087012
521510152548
491328006500
478476659044
521426332004
435476719972
435527248228
521644697956
478409877860
448345172324
478695156068
521644829028
491328530788
521745885540
435526332260
521425678180
418447322980
444234035044
521510088548
491495780196
500186378084
521392910180
499868069732
448412348260
521376591716
465558794084
521544363876
521611472740
474148925284
499933868644
474214396516
435593245284
418446930532
461413380708
435677131364
465859342948
474449277540
431130767972
469785473636
495857267300
431198138980
491327681124
499934392932
465675317860
461413904996
435778318948
499985117796
465675711076
435644494436
465726042724
482905911908
495857922660
435778712164
474450195044
431266034276
461414691428
491328729700
521510941284
521442391396
521510090084
521526932836
521577264484
435459880292
521493771620
521644766564
448345175396
499918468452
440005654372
465675056996
500034795364
444234037604
491327545701
435610411365
521510478181
448630251877
465558528357
474148528485
491328397669
521543836261
499850699621
499884057701
521409225829
435560801637
499918202725
499967813989
499883797093
444234034021
435744238693
512969829477
491327351909
499883797605
521425742949
474214722661
435476327525
435744762981
435678047333
435477113957
465624460645
431197678949
491327221093
435492711781
521644567909
499883535973
512969961061
418447191653
521526406757
521560288869
452941737573
435762196069
491328400997
521611275877
521561075301
448344846437
521711612005
465491554661
482805641573
435727463013
499883799141
435476722277
491496043109
500102951525
521325998949
491328402277
491327616101
426970215525
495790355557
435477116005
435475805797
500068349541
521610294885
499884062309
435594163813
499883538533
500034533477
465557485669
500135458917
435610548325
500152498277
465558337637
465726371941
418532063333
500035844197
444234037605
435610083686
499917218150
500068606310
521610551654
448629662054
435728179558
521359221094
521543770470
435460137318
465491485030
521644826982
500035838310
418465014118
491496300902
500151969126
465490371942
474181363046
418430870886
474315777382
435627582822
491596375398
435459876198
465491354982
521611142502
465491486054
448345171302
431265965414
495891801446
491328529766
491328595302
491327220070
435710749030
495890688358
431315315046
431348869478
521610291558
448629467494
521643911526
499967813990
491327875430
499917810022
521510087014
521526864230
448629860710
465491093862
448344779110
491328006502
500153084262
521443436902
491328661862
521745885542
431416633958
461228829798
465624460390
491394264166
435593243750
521492589670
435626798182
461413379174
435710684262
448612363366
461497265254
461229091942
499917352038
448612625510
461229354086
491327679590
444234034278
500068609126
500135717990
499850898534
461229747302
431366302822
491495844966
418531732582
495857921126
491596508262
500186442854
474450193510
439805635686
431266032742
435594554470
435628108902
444234820710
461414689894
448613674086
435745549414
491328728166
521526144870
465490374502
495890689894
521425874790
500152495974
478510083942
521510088550
521325932390
435460140902
435527249766
478476922726
435745353574
448630255462
521644699494
470121869158
431349919590
491328728934
465624461926
435626799718
461413380710
431466050150
461195539046
431197876838
491327418982
448612627046
491260572262
431198138982
465675317862
461497791078
525939077734
461229748838
431349527142
500069003878
500152889958
448630059622
474450195046
435845821030
499985511014
435526333798
435761411430
521510090086
452706858342
521493443942
521543775590
491496043878
521611146598
521627989350
521745888614
435509682535
521509888359
491327938919
418447712615
500186308967
521627984231
521376457063
435527442791
500069392743
435846209895
465558724967
521494028647
491328725351
521510936935
491328790887
478543045991
521492850023
435727721831
435560539495
435711534439
500152887399
465826703463
500068084071
521375344999
521627789671
521510480231
448630253927
474148661607
491328530791
435475803239
431348608103
435710684263
495857003623
435844901991
469785472103
474080439399
435476327527
500068609127
499850898535
435443166311
470021008487
521610947687
495857921127
435778710631
448563604583
448612363879
435627716199
521509564263
444234035047
469853040487
521510088551
431131357031
491328008039
521376067431
521392844647
521409621863
435728379751
435527249767
435527446375
431417028455
435459027559
435475804775
499933868647
465624461927
474214396519
431348609639
500068086375
435677131367
448562033255
482972103271
495857005159
435744240231
435777794663
521677140583
435844903527
499850244711
431197876839
474147549799
499917353575
439788073575
465675317863
435627324007
521526669927
431349133927
435677655655
474081096295
474215314023
470021010023
435678048871
495857922663
483006575207
500186444391
435778712167
465860260455
474450195047
465558663783
439805637223
500069397095
431415719271
418597926247
495857268071
500152235367
435476329831
431315580263
435610547559
500035056999
435727988071
448344651111
521510090087
478392710503
521526932839
521577461095
478695093607
521644766567
521627793767
499984261480
521610551656
435778511208
521375998312
521577455976
521376260456
469853430120
521577587048
521611141480
448613474664
435745415528
521644761448
448345170280
491328397672
500069392744
435745546600
474148659560
427071791464
465558987112
521375147368
431415715176
500135191912
448629138792
435777791336
521677137256
435526329704
521643910504
500152493416
517164787048
478560413032
435459876200
474316170600
521510087016
435526986088
478627785064
521577458024
448345172328
431415717736
521341661032
500152495976
521510088552
491327942504
521392779112
491495780200
435476918120
521544036200
435728576360
465558597480
521510612840
431349919592
435728772968
465558728552
491328532328
521376591720
474080965992
431265510760
491495716200
448562820456
495891346792
448344782184
521493443944
521611146600
521493771624
521627989352
448345175400
478660557160
418463971688
474148075880
491328141672
521509888873
444234031977
465490502761
470020613225
500085384297
491327874153
465676362857
478610745193
426836061289
435526135145
435761081705
465558334825
521510350185
435643575913
517264797289
491595722345
517097156201
500101901929
500135456361
491327483497
500085255785
521325538921
499917811305
491328007785
500186508905
491328401001
478661602921
426970607465
435744240233
521543840361
499917812585
435762197353
521442391145
521610950249
500069392746
521745883498
521510085994
521493701994
521644828010
465558791530
521409030506
500068609898
500152495978
491327811434
521510088554
500153282410
435526333802
435459552618
521358898538
478392710506
521577264490
418565223786
478694765930
491496043882
418498240875
418448040299
461196845419
422540633451
452773111915
521493440875
461498181995
521644829035
461228830315
435777793643
431130766955
431197875819
465557614187
500034793067
435509882475
461229747819
465675710059
474450194027
418430152555
465675317867
465557414252
491494990188
474147479916
435610214764
491327545708
435459875180
521493438828
465558331756
435728441708
435527246188
418599035244
478678311276
448345170284
491328397676
435544154476
435745481068
448412344684
491328725356
448343926124
521408701804
521492587884
500068083052
500101637484
474365388140
435727459692
448612361580
500151969132
435777791340
435526329708
448344188268
521610290540
521643910508
465490634092
521425872236
474315842924
491596375404
491328136556
465558725996
491328529772
465557416300
435526396268
499967813996
474147940716
426836257132
478392707436
499984984428
474148137324
491328006508
478476659052
431265704300
435544156524
491328530796
431266097516
418446929004
521526144876
448629141356
521341661036
465490374508
495890689900
435526332268
521643913068
426970148716
474214788972
521577394028
435728379756
521611145068
491328335724
435728772972
521628118892
491328532332
491328597868
521510809452
465491816300
431264855404
521492723052
474148074860
521577264492
491260900716
448344782188
435526989164
495891543404
448345044332
431265838444
521644766572
444234037612
448562821484
448344783212
426970872172
512735011181
478492713325
478660485485
469785403757
521509560685
418380145005
426970145133
418447319405
435845423469
491495514477
491327807853
478392705389
418447712621
521526927725
418347114861
435526984045
478476657005
521426329965
418380669293
426970603885
521510216045
491495776621
435611001197
448345039213
521611141485
448613474669
474316235117
435728638317
448345170285
521393168749
435779101037
469920932205
435443818861
491496497517
521509365101
500068083053
521643582829
418279286125
465490437485
418380014957
426969949549
435493299565
474315777389
521359484269
435527247213
499985311085
521611142509
465491486061
491328398701
478661600621
478660487533
435526330733
500152166765
499967813997
521493309805
426970540397
435459877229
491328006509
469920278893
491495778669
521644435821
495891409261
448630253933
491328334189
521627986285
418363174765
465490440045
465557548909
469852516205
465826180973
500152495981
491260768109
521375870829
521392779117
448629993325
521376067437
435728379757
465491357549
474316173165
448563146605
521627987821
465558597485
439855902573
491496173421
478695157613
500035841901
431349919597
500069396333
474366701421
435728772973
448630452077
491328532333
435561066349
491328597869
521492723053
495890691437
521375348077
448344651117
521526932845
448344782189
465491359085
521493706093
521443439981
426970936685
521493771629
521644766573
448596703597
491394457966
435778314606
521543770478
465491419502
521644761454
465491485038
465491616110
465558724974
521375409518
448411559278
521376261486
435778905454
491328529774
491328595310
521510806894
491327285614
435543042414
435459287406
499967813998
418397448558
521543772526
448629991790
435610087278
521509433198
435727986542
521627332462
431131291502
435728379758
448630255470
521393106798
448345173870
465558728558
435526333806
435728577902
521644832110
474315782510
448562821486
474147938671
435727721071
491595719535
474080437103
465491485551
499918332783
491327349871
521509561455
465490568815
491327481455
474148529775
474147482735
491327351919
435778317423
435710750063
418346528111
474315583087
499918270063
418531078255
435644100719
470121279599
426971000943
499984265839
491327353455
474080572015
491327616111
491328402543
499967817071
435459880303
478426723695
491328402799
478477055343
521610032751
435744241263
500135458415
435644102255
431265642095
444234037103
491328010095
435476330607
435644496495
521375342960
474080567664
500068606320
491327873392
521627525488
465558200688
426970603888
521627656560
465491222896
491328135536
491328266608
418414485872
521611141488
435728572784
521644695920
418565546352
435745415536
521644761456
448345170288
478510604656
521628049776
521644826992
435728769392
435494150512
491328725360
435459024240
448343926128
465775453552
474080306544
465490437488
465491092848
435459876208
435644425584
521543771504
448345040240
465625572720
521493702000
521493767536
478695089520
465491486064
521644828016
435727460464
435644491888
521543837808
478694828144
478593247600
521492719984
435459287408
521643846000
521425873264
500085582192
448344779120
521392777584
521493440880
478694762864
491328137584
435762063728
448345172336
521443502448
500086237552
465558858096
435561195888
418666670448
435459026032
431264722032
474214394992
499984198768
435643575408
461413379184
500068084848
435744238704
418665032816
431130766448
499850243184
431198137456
491327679600
461230140528
422743207024
435628108912
482872749168
461414689904
448613674096
521627070320
500068609904
435727986544
491327811440
491260768112
418414096240
483073486704
448344846192
521577459568
448345042800
491328335728
499985379184
435728641904
448345239408
431349919600
521644896112
491328597872
461413380720
474449277552
474147549808
495857267312
435459551856
461229355632
435476329072
431198138992
435627324016
478576996976
500068610672
491495453296
470087725680
521677664880
435845427824
435443167856
435644494448
444234429040
439956238960
435728380528
431466967664
435778712176
465860260464
521711612528
435477115504
435644887664
469969761136
426969822576
521425679728
521409033584
521577198960
435728184688
448344782192
465491228016
465625445744
521577461104
435493696880
491328271728
435527251312
435728577904
521443439984
521644832112
521526540656
461228832113
465624462705
435593246065
469969761649
461480490353
500135196017
448612365681
452907332977
474147550577
491327419761
465675056497
521610294641
500152235377
435761280369
461229356401
499917616497
465675318641
500035057009
461481014641
435744765297
418565289329
435745158513
448630060401
452622180722
431264784754
491327283570
491260240242
452739752306
478509556082
521543442802
435727982962
448310960498
521510084978
448562749810
474148069746
448344777074
521375998322
435526984050
431265702258
491328266610
521577652594
478510604658
521644826994
474148659570
474316628338
491496563058
448343926130
499883533682
521375147378
469969757554
470070420850
491260110194
465557415282
495890621810
500185589106
482670241138
491595720050
500185654642
521375409522
491327481202
499984524658
465490634098
422541026674
474181363058
517030569330
521325536626
426970473842
499984983410
465491092850
512802841970
521325798770
465558332786
521510348146
474416833906
499918267762
474215572850
448345171314
478661600626
521611273586
435728770418
465558726002
435762390386
478593771634
435628370034
491327351154
435526330738
435610347890
499967814002
431265114482
491495319922
435728312690
474148268402
491328137586
474148465010
491328334194
521493768562
465491618162
491328530802
499918465394
448343928690
500151971698
474214461298
500084928370
521492721522
478442450802
491327549298
435761409906
521527062386
500152889202
491496173426
435527446386
448412348274
431349919602
435728772978
435745550194
491328532338
521376591730
491328597874
465491816306
521375348082
491327354226
521341990258
491327878514
418263168370
491495716210
435493565810
465491359090
521644766578
521509560691
491327480179
500068606323
431131222387
521510084979
474315776371
418548310387
521644302707
435778511219
478728184179
521375998323
491328004467
521577455987
521627984243
474215637363
491663942003
435460333939
521359679859
418465014131
435745546611
491496300915
521561071987
521678512499
431315051379
435610018675
482854658931
521509364595
482871436147
500068082547
435710681971
440005649267
521610027891
435643835251
500068344691
474315580275
439805240179
431315968883
435644490611
482905908083
435678045043
435711599475
474366305139
491596505971
500186440563
465860256627
469786321779
482671223667
435493692275
512803103603
422877225843
470121866099
418263688051
474080372083
521375409523
435761407347
435845424499
474148070771
435728311667
418380801395
439855768947
470121866611
435778905459
483006899571
474148660595
491328529779
491328595315
461228828787
435475802227
521375148147
499933866099
435593242739
521492588659
435610019955
465674791027
500034529395
435626797171
461413378163
435677128819
431415715955
435710683251
461480487027
482955323507
435777792115
465859340403
491260307571
474147547251
482737481843
491327416435
499917351027
461329754227
439905249395
465675053171
431198136435
499934390387
435644098675
521543444595
435711207539
461481011315
500135716979
465491159155
461229746291
435644491891
461431072883
500085778547
435711600755
474366306419
500136110195
500186441843
435778709619
474450192499
521694832755
512803104883
422877227123
444352063603
461230139507
500069394547
448613673075
521510938739
435526396275
435778054515
499967814003
418447321459
521493309811
521510087027
435459877235
512802842995
435526986099
474148399475
521627986291
448630647155
521645091187
435744238451
491327679347
439804849011
465675316083
482871962483
500135717747
461381135219
465676102515
461414689651
461228829811
474214394995
444233510003
500068084851
448612363379
435744238707
435777793139
461262646387
482737482867
499917352051
500101901427
435459550323
461229354099
435476327539
435627322483
521526668403
444234034291
461413903475
482905910387
435678047347
448613280883
448630058099
482872749171
444234820723
461414689907
482956635251
448613674099
521510939763
461228830067
465674792307
500135193971
448612363635
491260308851
465675054451
500034792819
435610545523
461481012595
435744763251
448629665139
461229747571
435594161523
521493507443
435745156467
461228830323
465624460915
435593244275
521492590195
435710684787
465775455859
461195538035
491327417971
435476328051
439804849779
435677654643
482905910899
435711602291
500136111731
500186443379
521694834291
461230141043
439805636211
521576476531
491327221619
521425874803
491260768115
431265443699
435778514803
491260899187
426970607475
448630058867
521644502899
521611145075
431349919603
448630452083
491328597875
435459027059
435475804275
461413380211
435710685299
461480489075
470087200883
474449277043
461195538547
491260309619
461229092979
431197876339
465675055219
500034793587
431348871283
500068348019
470070685811
435459551347
521358897267
431198138483
465557876851
435593769075
521493114995
465675317363
500035055731
435644100723
521543446643
435711209587
435744764019
499850702963
499984920691
465625378931
435594162291
439956238451
461431074931
465726042227
474315976819
435711602803
500136112243
500186443891
521325932659
435493695603
444150739059
461414690931
474366701683
500136505459
431131816307
499851293043
422676099443
461228831859
439804327027
435526136947
431264724083
474214397043
491394266227
435593245811
435610023027
461379826803
465674794099
482871440499
431348610163
461413381235
435710686323
461480490099
500135195763
448612365427
435744240755
435777795187
431130768499
461195539571
465490506867
469785474163
431197877363
465557615731
482737484915
491327419507
474214659187
474365654131
461229356147
439804851315
465675318387
500035056755
444234036339
461413905523
500068611187
461229749363
426970674291
435594163315
435610940531
482872358003
435644494963
521543840883
431366304883
465726043251
482905912435
435711603827
461481407603
470071342195
521610949747
500186444915
435778712691
482671228019
512735999091
521325933683
482805445747
500186641523
461230142579
521376461939
439805637747
482872751219
444234822771
461414691955
500069397619
435611595891
435777795443
491260441971
444234036595
435744765299
521493312883
521510090099
426836325747
521543775603
491328140659
491328271731
435527251315
521510483315
452723963251
452806670195
482871441267
470070425459
448612366195
448629143411
491260311411
499850246003
482737485683
499917354867
465675057011
500101904243
499934394227
465675319155
435644102515
444234037107
465775982451
448612890483
474315978611
482905913203
431416637299
435711604595
474366310259
444234823539
431366240627
483006773619
521341657460
435610083700
478610088308
499984327028
521492717940
521409028468
500068606324
474147938676
491327807860
521510084980
474315776372
491327938932
478476657012
521426329972
491328135540
491395244404
521376260468
500085973364
435745415540
521644761460
521644826996
500069392756
521544360308
448343926132
521610028404
435727459700
521375343988
448629400948
478627587444
499917940084
491495777652
435728311668
448629990772
435493561716
431265703284
418531927412
435728573812
521644762484
461413378164
499934128244
491394525300
435627059316
435710945396
435727722612
418564630644
461229353076
439788071028
448411560052
444234033268
461413902452
431416240244
444234426484
474366306420
435728377972
435493693556
512803104884
422776563828
512970877044
470121867380
422743206004
482872748148
435628370036
418530814324
418379884916
465490438516
491327547764
499967814004
435476523380
491327940980
431265507700
521627789684
474081421684
435544156532
435611265396
500151971700
521325014900
521375346548
474147942260
465491095412
418347118452
426970607476
448630058868
525620768628
426970738548
448345042804
478678249332
495891672948
465491488628
469853564788
448345239412
448412348276
465558794100
491328597876
426971262836
474215903092
435459027572
461228831348
499883537012
435475804788
465624461940
474214396532
499984200308
482871439988
448612364916
465859342964
431130767988
499850244724
431348871796
431131030132
465490768500
435442774644
435459551860
461229355636
431198138996
435677655668
435744764532
465675711092
482905911924
435678048884
500186444404
435778712180
435460338292
461230142068
491328467572
521510679156
482872750708
461414691444
495858315892
500153283188
448630452852
500153545332
465490310516
491327223156
482805052788
435610744180
491495716212
426970609012
478393038196
491496174964
444233512820
461195540340
431197878132
499917354868
435459553140
435644102516
465775982452
500152498036
500236384116
444234037620
491327349877
491327286389
418532060277
418530880885
435610152565
500185656949
491327352437
431264919157
435761213045
431197941365
499984526965
521409228405
474315583093
435744763509
521644109429
499984920181
499917876853
499918270069
435560935029
465625706101
431199055477
482805968501
491328139381
499918270581
474080244341
435644101237
435526136693
491327615861
444234036085
465491555189
482956637045
435610547317
491328402549
435761406326
499917807990
431265440118
491495645558
435761734006
435778511222
431265702262
491495907702
500035838326
500069392758
474080568694
470020941174
435761866102
435527247222
435728573814
478678246774
435778905462
491260176758
478442449270
465624852854
491495319926
418430871926
465893747062
418431068534
491328137590
465491356022
495891671414
499985377654
491496106358
418565548406
465491487094
431266097526
474148792694
465490374518
418413571958
435761409910
435459551094
418430676854
499984985974
491328401270
448345239414
465558794102
444234037622
521492717943
491327480183
491327545719
474315448695
500152492407
435778314615
525939270007
521644695927
435745415543
448345170295
491328397687
491328528759
474148790647
521610028407
435777791351
435526329719
521375409527
448411559287
431416239479
448344647031
448613082487
448344778103
461228828791
435610019959
440005650551
499850242167
465557612663
482854922359
435710945399
448344451191
439804848247
435610544247
435644098679
521543444599
465775978615
461497788535
435744761975
435610937463
482905909367
435728377975
474147481975
491327351159
512969959799
448629336439
431315315063
499967814007
521510087031
521577261431
435459877239
448344779127
521376000375
491328334199
521577654647
448345172343
521644829047
474147942263
474080964471
474148073335
521376067447
491328073591
521510285175
521745166199
521376264055
431316168567
521611145079
435728576375
500153085815
448630255479
431316365175
431349919607
474148663159
461228831351
448629142135
461195539063
461229093495
500152234615
444234035831
500152496759
435744764535
444234429047
435745157751
444234822263
521510941303
499967549817
474365388153
500151969145
431315315065
444234821497
448630452089
418530878842
521644762490
465491095418
